SetFactory("OpenCASCADE");
Circle(1) = { 0.00000000000000E+00,  0.00000000000000E+00,  0.00000000000000E+00,  1.00000000000000E-01,  2.50026048993611E-02,  1.54579372189554E+00};
Circle(2) = { 0.00000000000000E+00,  0.00000000000000E+00,  0.00000000000000E+00,  1.00000000000000E-01,  1.59579893169426E+00,  3.11659004869043E+00};
Circle(3) = { 0.00000000000000E+00,  0.00000000000000E+00,  0.00000000000000E+00,  1.00000000000000E-01,  3.16659525848915E+00,  4.68738637548533E+00};
Circle(4) = { 0.00000000000000E+00,  0.00000000000000E+00,  0.00000000000000E+00,  1.00000000000000E-01,  4.73739158528405E+00,  6.25818270228022E+00};
MeshSize {1, 2, 3, 4} =  5.00000000000000E-03;
Point(9) = { 9.99687451156610E-02, -2.50000000000000E-03,  0.00000000000000E+00, 1.0};
Point(10) = { 9.99687451156610E-02,  0.00000000000000E+00,  0.00000000000000E+00, 1.0};
Point(11) = { 9.99687451156610E-02,  2.50000000000000E-03,  0.00000000000000E+00, 1.0};
Line(5) = {9, 10};
Line(6) = {10, 11};
Point(12) = {-9.99687451156610E-02, -2.50000000000000E-03,  0.00000000000000E+00, 1.0};
Point(13) = {-9.99687451156610E-02,  0.00000000000000E+00,  0.00000000000000E+00, 1.0};
Point(14) = {-9.99687451156610E-02,  2.50000000000000E-03,  0.00000000000000E+00, 1.0};
Line(7) = {12, 13};
Line(8) = {13, 14};
Point(15) = {-2.50000000000000E-03, -9.99687451156610E-02,  0.00000000000000E+00, 1.0};
Point(16) = { 0.00000000000000E+00, -9.99687451156610E-02,  0.00000000000000E+00, 1.0};
Point(17) = { 2.50000000000000E-03, -9.99687451156610E-02,  0.00000000000000E+00, 1.0};
Line(9) = {15, 16};
Line(10) = {16, 17};
Point(18) = {-2.50000000000000E-03,  9.99687451156610E-02,  0.00000000000000E+00, 1.0};
Point(19) = { 0.00000000000000E+00,  9.99687451156610E-02,  0.00000000000000E+00, 1.0};
Point(20) = { 2.50000000000000E-03,  9.99687451156610E-02,  0.00000000000000E+00, 1.0};
Line(11) = {18, 19};
Line(12) = {19, 20};
Physical Curve("Port_1", 1) = {5, 6};
Physical Curve("Port_2", 2) = {7, 8};
Physical Curve("Port_3", 3) = {9, 10};
Physical Curve("Port_4", 4) = {11, 12};
Physical Curve("Wire", 5) = {1, 2, 3, 4};
